168 352
850 804
953 160
596 933
575 65
387 432
49 791
426 360
105 45
638 517
455 432
7 821
494 521
272 167
797 955
788 568
312 230
37 300
868 844
434 85
355 695
721 416
349 535
801 296
564 698
419 194
634 546
952 456
946 125
534 208
839 426
483 242
995 255
347 467
678 81
739 186
828 761
576 317
704 475
99 490
935 335
611 930
140 927
386 403
359 157
388 867
37 780
973 474
965 637
111 338
834 553
489 537
500 308
764 98
627 358
236 863
275 693
764 363
431 940
968 260
101 409
285 239
783 205
21 831
252 309
888 663
910 422
302 831
481 168
768 109
723 870
954 873
333 535
220 914
264 157
747 827
560 821
649 920
867 981
106 245
733 254
426 210
549 33
678 821
325 563
673 724
320 466
726 736
309 475
339 955
140 755
726 89
106 878
450 688
172 585
944 931
124 267
747 166
388 313
500 127
429 750
535 112
169 930
128 273
724 536
471 603
244 295
316 976
473 792
696 303
120 772
121 508
420 139
149 170
140 768
450 9
467 754
667 779
97 150
798 454
462 657
902 938
891 672
537 687
451 504
88 452
198 156
758 673
143 796
417 389
973 854
356 113
223 523
992 49
380 345
203 145
551 572
550 100
644 134
950 982
186 497
414 868
552 545
477 380
985 567
293 141
418 834
47 274
520 305
330 74
704 791
324 915
330 995
247 835
726 851
13 12
490 336
904 699
130 695
566 75
281 162
93 767
145 149
643 682
185 621
226 241
456 846
982 255
219 781
637 202
220 188
481 866
958 284
784 931
642 838
880 877
976 445
365 947
416 373
152 156
943 951
687 836
514 536
49 198
504 589
502 808
827 632
774 211
78 117
931 33
164 952
237 357
23 684
269 587
385 362
869 997
416 853
570 911
459 833
673 667
360 207
551 260
369 521
882 261
91 415
544 391
975 843
903 976
952 222
204 746
445 772
970 239
411 123
760 564
994 75
255 419
264 122
708 108
312 108
912 5
975 470
555 698
703 685
827 83
887 753
1 898
755 314
11 552
199 96
220 793
229 878
680 832
785 598
805 9
204 970
126 376
361 41
459 711
436 291
28 106
852 880
304 675
929 736
282 260
655 353
35 648
596 810
283 737
996 26
998 472
405 205
831 960
551 268
596 666
973 900
398 165
272 700
512 690
91 944
27 514
978 596
877 541
781 851
607 698
523 308
138 494
993 590
764 389
574 121
56 284
16 495
348 321
971 449
690 826
224 133
905 95
811 60
425 290
486 547
195 331
496 170
871 739
122 117
557 939
129 22
735 308
905 481
166 825
783 226
690 830
773 218
122 647
576 427
873 403
188 211
295 673
135 28
484 609
366 873
298 818
883 852
602 839
502 724
253 285
487 223
593 381
865 184
711 763
424 441
529 881
825 376
335 988
933 803
472 594
751 674
94 907
62 457
383 125
779 363
277 363
33 21
414 634
305 62
722 750
18 377
299 814
750 439
542 419
251 612
440 371
728 438
647 459
860 423
376 755
794 514
753 58
163 638
533 558
157 298
862 239
273 518
583 186
739 263
203 957
144 215
599 377
690 406
332 698
218 20
379 639
886 973
373 735
712 528
105 512
734 67
321 563
714 247
198 828
495 306
649 629
585 712
261 642
962 204
917 956
662 577
723 444
354 43
305 941
578 434
165 372
946 610
129 864
748 891
1 22
22 243
303 769
146 386
532 839
958 849
441 739
124 794
439 379
711 572
888 879
787 320
976 345
906 30
797 779
687 718
938 974
261 875
297 578
48 511
616 703
93 253
194 830
206 795
748 50
130 37
669 970
648 627
118 318
982 509
509 298
892 615
233 799
475 174
255 180
153 379
716 367
990 378
431 643
445 825
580 879
178 54
513 142
830 672
696 16
246 481
668 219
339 937
665 284
920 821
302 619
745 551
454 366
513 281
768 818
411 144
520 823
952 755
849 882
242 717
856 131
308 15
450 126
216 853
425 200
974 104
496 251
185 865
867 414
445 514
226 485
178 597
748 570
906 262
686 91
212 995
689 264
347 402
209 697
611 173
695 819
520 827
738 241
960 601
264 470
254 57
92 233
966 760
616 400
917 1
736 325
655 248
812 64
279 77
748 574
77 280
949 298
553 636
124 221
291 963
389 879
537 210
602 614
981 125
432 611
654 633
404 211
98 851
768 255
518 736
790 669
765 118
865 956
734 396
825 919
951 497
516 667
765 895
846 969
11 531
320 612
695 162
622 703
756 950
546 713
273 289
994 193
-1 -1
